OSCAR 7
1 07530U 74089B   26083.30693237 -.00000046  00000-0  46078-5 0  9996
2 07530 101.9961  95.6544 0011887 293.6449  78.2538 12.53696620349884
DTUSAT-2
1 40030U 14033W   26082.93832380  .00008423  00000-0  47030-3 0  9996
2 40030  98.0866  75.3412 0008650 153.9454 206.2213 15.13780924639787
NOAA 15
1 25338U 98030A   26083.28186878  .00000154  00000-0  80570-4 0  9992
2 25338  98.5147 106.1812 0009316 232.1264 127.9075 14.27118213449182
NOAA 18
1 28654U 05018A   26083.19227559  .00000065  00000-0  57751-4 0  9998
2 28654  98.8137 164.0951 0014795  36.5142 323.7037 14.13713714 74307
NOAA 19
1 33591U 09005A   26083.24682593  .00000051  00000-0  51095-4 0  9993
2 33591  98.9580 154.0405 0012693 270.3001  89.6717 14.13459503882488
DISCO-2
1 71908C 26066U   26089.50004569 -.00011593  00000+0 -57355-3 0    00
2 71908  97.4496  49.1529 0000793 212.6102 142.0001 15.17896289    14